
Time: 0
 +-----------+-----------+-----------+-----------+-----------+-----------+
|      frame|       size|       free|        pid| start addr|       used|
+-----------+-----------+-----------+-----------+-----------+-----------+
|          0|       1024|          0|          1|          0|        512|
|          1|       1024|          1|         -1|       1024|         -1|
|          2|       1024|          1|         -1|       2048|         -1|
|          3|       1024|          1|         -1|       3072|         -1|
|          4|       1024|          1|         -1|       4096|         -1|
|          5|       1024|          1|         -1|       5120|         -1|
|          6|       1024|          1|         -1|       6144|         -1|
|          7|       1024|          1|         -1|       7168|         -1|
+-----------+-----------+-----------+-----------+-----------+-----------+

Time: 1
 +-----------+-----------+-----------+-----------+-----------+-----------+
|      frame|       size|       free|        pid| start addr|       used|
+-----------+-----------+-----------+-----------+-----------+-----------+
|          0|       1024|          0|          1|          0|        512|
|          1|       1024|          0|          2|       1024|       1024|
|          2|       1024|          0|          2|       2048|        976|
|          3|       1024|          1|         -1|       3072|         -1|
|          4|       1024|          1|         -1|       4096|         -1|
|          5|       1024|          1|         -1|       5120|         -1|
|          6|       1024|          1|         -1|       6144|         -1|
|          7|       1024|          1|         -1|       7168|         -1|
+-----------+-----------+-----------+-----------+-----------+-----------+

Time: 2
 +-----------+-----------+-----------+-----------+-----------+-----------+
|      frame|       size|       free|        pid| start addr|       used|
+-----------+-----------+-----------+-----------+-----------+-----------+
|          0|       1024|          1|         -1|          0|         -1|
|          1|       1024|          0|          2|       1024|       1024|
|          2|       1024|          0|          2|       2048|        976|
|          3|       1024|          1|         -1|       3072|         -1|
|          4|       1024|          1|         -1|       4096|         -1|
|          5|       1024|          1|         -1|       5120|         -1|
|          6|       1024|          1|         -1|       6144|         -1|
|          7|       1024|          1|         -1|       7168|         -1|
+-----------+-----------+-----------+-----------+-----------+-----------+

Time: 6
 +-----------+-----------+-----------+-----------+-----------+-----------+
|      frame|       size|       free|        pid| start addr|       used|
+-----------+-----------+-----------+-----------+-----------+-----------+
|          0|       1024|          1|         -1|          0|         -1|
|          1|       1024|          1|         -1|       1024|         -1|
|          2|       1024|          1|         -1|       2048|         -1|
|          3|       1024|          1|         -1|       3072|         -1|
|          4|       1024|          1|         -1|       4096|         -1|
|          5|       1024|          1|         -1|       5120|         -1|
|          6|       1024|          1|         -1|       6144|         -1|
|          7|       1024|          1|         -1|       7168|         -1|
+-----------+-----------+-----------+-----------+-----------+-----------+

Time: 7
 +-----------+-----------+-----------+-----------+-----------+-----------+
|      frame|       size|       free|        pid| start addr|       used|
+-----------+-----------+-----------+-----------+-----------+-----------+
|          0|       1024|          1|         -1|          0|         -1|
|          1|       1024|          1|         -1|       1024|         -1|
|          2|       1024|          1|         -1|       2048|         -1|
|          3|       1024|          1|         -1|       3072|         -1|
|          4|       1024|          1|         -1|       4096|         -1|
|          5|       1024|          1|         -1|       5120|         -1|
|          6|       1024|          1|         -1|       6144|         -1|
|          7|       1024|          1|         -1|       7168|         -1|
+-----------+-----------+-----------+-----------+-----------+-----------+
